0.013289	0.155843	0.000005	1	1	1	0.092837	33	9	9	0.079205	34	10	10	0	5	30	31	0	10	0.118355035782	0.0234398841858	
0.032468	0.372377	0.000012	1	1	1	0.838059	123	9	9	0.323026	124	10	10	0	5	120	121	0	40	0.283085107803	0.0558478832245	
0.123033	0.971000	0.000011	1	1	1	1.555678	273	9	9	0.583234	274	10	10	0	5	270	271	0	90	0.723012208939	0.121405124664	
0.196318	1.932685	0.000014	1	1	1	2.894041	483	9	9	1.760307	484	10	10	0	5	480	481	0	160	1.51805686951	0.214598894119	
0.226018	4.337219	0.000013	1	1	1	7.748917	753	9	9	6.082679	754	10	10	0	5	750	751	0	250	3.75219392776	0.355170965195	
0.332104	10.190725	0.000011	1	1	1	21.246246	1083	9	9	18.009206	1084	10	10	0	5	1080	1081	0	360	9.32802891731	0.527091026306	
0.366090	22.777475	0.000012	1	1	1	54.595732	1473	9	9	47.772141	1474	10	10	0	5	1470	1471	0	490	21.7227289677	0.687353134155	
0.513153	49.019041	0.000014	1	1	1	121.569964	1923	9	9	107.658764	1924	10	10	0	5	1920	1921	0	640	47.6293919086	0.870832920074	
0.643788	98.271464	0.000006	1	1	1	235.343749	2433	9	9	210.258783	2434	10	10	0	5	2430	2431	0	810	96.5165979862	1.1034040451	
1.021364	183.271353	0.000006	1	1	1	572.190792	3003	9	9	544.285556	3004	10	10	0	5	3000	3001	0	1000	180.977180958	1.26754498482	
