Couldn't import dot_parser, loading of dot files will not be possible.
['ragel_enabled', 'multitable_enabled', 'integrate_enabled', 'default_enabled', 'disjoint_enabled']
{'test': 'traffic_matrix_stanford'}
4.55246186256
[(1, 2), (2, 2), (3, 2), (4, 2), (5, 2), (6, 2), (7, 2), (8, 2), (9, 2), (10, 2), (11, 2), (12, 2), (13, 2), (14, 2), (15, 2), (16, 2)]
[(1, 2), (2, 2), (3, 2), (4, 2), (5, 2), (6, 2), (7, 2), (8, 2), (9, 2), (10, 2), (11, 2), (12, 2), (13, 2), (14, 2), (15, 2), (16, 2)]
[1, 18, 66, 67, 68, 69, 70, 71, 72, 73, 74, 75, 76, 77, 78, 79, 80, 81, 82, 83, 84, 85, 86, 87, 88, 89, 90, 91, 92, 93, 94, 95]
[34, 35, 36, 37, 38, 39, 40, 41, 42, 43, 44, 45, 46, 47, 48, 49, 50, 51, 52, 53, 54, 55, 56, 57, 58, 59, 60, 61, 62, 63, 64, 65]
[34, 35, 36, 37, 38, 39, 40, 41, 42, 43, 44, 45, 46, 47, 48, 49, 50, 51, 52, 53, 54, 55, 56, 57, 58, 59, 60, 62, 63, 64, 65]
True
----prev----
(40, 34, 41)
(40, 35, 41)
(40, 36, 41)
(40, 37, 41)
(40, 38, 41)
(40, 39, 41)
(40, 40, 41)
(40, 41, 41)
(40, 42, 41)
(40, 43, 41)
(40, 44, 41)
(40, 45, 41)
(40, 46, 41)
(40, 47, 41)
(40, 48, 41)
(40, 49, 41)
(40, 50, 41)
(40, 51, 41)
(40, 52, 41)
(40, 53, 41)
(40, 54, 41)
(40, 55, 41)
(40, 56, 41)
(40, 57, 41)
(40, 58, 41)
(40, 59, 41)
(40, 60, 41)
(40, 62, 41)
(40, 63, 41)
(40, 64, 41)
(40, 65, 41)
(59, 'IN_ID', 33)
(34, 34, 35)
(34, 35, 35)
(34, 36, 35)
(34, 37, 35)
(34, 38, 35)
(34, 39, 35)
(34, 40, 35)
(34, 41, 35)
(34, 42, 35)
(34, 43, 35)
(34, 44, 35)
(34, 45, 35)
(34, 46, 35)
(34, 47, 35)
(34, 48, 35)
(34, 49, 35)
(34, 50, 35)
(34, 51, 35)
(34, 52, 35)
(34, 53, 35)
(34, 54, 35)
(34, 55, 35)
(34, 56, 35)
(34, 58, 35)
(34, 59, 35)
(34, 60, 35)
(34, 61, 35)
(34, 62, 35)
(34, 63, 35)
(34, 64, 35)
(34, 65, 35)
(19, 47, 55)
(9, 35, 51)
(9, 37, 51)
(9, 39, 51)
(9, 41, 51)
(9, 43, 51)
(9, 45, 51)
(9, 47, 51)
(9, 49, 51)
(9, 51, 51)
(9, 53, 51)
(9, 55, 51)
(9, 57, 51)
(9, 59, 51)
(9, 61, 51)
(9, 63, 51)
(9, 65, 51)
(42, 35, 62)
(42, 37, 62)
(42, 39, 62)
(42, 41, 62)
(42, 43, 62)
(42, 45, 62)
(42, 47, 62)
(42, 49, 62)
(42, 51, 62)
(42, 53, 62)
(42, 55, 62)
(42, 57, 62)
(42, 59, 62)
(42, 61, 62)
(42, 63, 62)
(42, 65, 62)
(44, 'IN_ID', 45)
(43, 63, 63)
(57, 'IN_ID', 27)
(25, 34, 26)
(25, 35, 26)
(25, 36, 26)
(25, 37, 26)
(25, 38, 26)
(25, 39, 26)
(25, 40, 26)
(25, 41, 26)
(25, 42, 26)
(25, 43, 26)
(25, 44, 26)
(25, 45, 26)
(25, 46, 26)
(25, 47, 26)
(25, 48, 26)
(25, 49, 26)
(25, 50, 26)
(25, 52, 26)
(25, 53, 26)
(25, 54, 26)
(25, 55, 26)
(25, 56, 26)
(25, 57, 26)
(25, 58, 26)
(25, 59, 26)
(25, 60, 26)
(25, 61, 26)
(25, 62, 26)
(25, 63, 26)
(25, 64, 26)
(25, 65, 26)
(48, 35, 64)
(48, 37, 64)
(48, 39, 64)
(48, 41, 64)
(48, 43, 64)
(48, 45, 64)
(48, 47, 64)
(48, 49, 64)
(48, 51, 64)
(48, 53, 64)
(48, 55, 64)
(48, 57, 64)
(48, 59, 64)
(48, 61, 64)
(48, 63, 64)
(48, 65, 64)
(35, 'IN_ID', 36)
(42, 34, 41)
(42, 36, 41)
(42, 38, 41)
(42, 40, 41)
(42, 42, 41)
(42, 44, 41)
(42, 46, 41)
(42, 48, 41)
(42, 50, 41)
(42, 52, 41)
(42, 54, 41)
(42, 56, 41)
(42, 58, 41)
(42, 60, 41)
(42, 62, 41)
(42, 64, 41)
(3, 34, 2)
(3, 36, 2)
(3, 38, 2)
(3, 40, 2)
(3, 42, 2)
(3, 44, 2)
(3, 46, 2)
(3, 48, 2)
(3, 50, 2)
(3, 52, 2)
(3, 54, 2)
(3, 56, 2)
(3, 58, 2)
(3, 60, 2)
(3, 62, 2)
(3, 64, 2)
(52, 'IN_ID', 12)
(29, 'IN_ID', 30)
(30, 34, 29)
(30, 36, 29)
(30, 38, 29)
(30, 40, 29)
(30, 42, 29)
(30, 44, 29)
(30, 46, 29)
(30, 48, 29)
(30, 50, 29)
(30, 52, 29)
(30, 54, 29)
(30, 56, 29)
(30, 58, 29)
(30, 60, 29)
(30, 62, 29)
(30, 64, 29)
(14, 'IN_ID', 15)
(12, 34, 11)
(12, 36, 11)
(12, 38, 11)
(12, 40, 11)
(12, 42, 11)
(12, 44, 11)
(12, 46, 11)
(12, 48, 11)
(12, 50, 11)
(12, 52, 11)
(12, 54, 11)
(12, 56, 11)
(12, 58, 11)
(12, 60, 11)
(12, 62, 11)
(12, 64, 11)
(15, 34, 14)
(15, 36, 14)
(15, 38, 14)
(15, 40, 14)
(15, 42, 14)
(15, 44, 14)
(15, 46, 14)
(15, 48, 14)
(15, 50, 14)
(15, 52, 14)
(15, 54, 14)
(15, 56, 14)
(15, 58, 14)
(15, 60, 14)
(15, 62, 14)
(15, 64, 14)
(39, 35, 61)
(39, 37, 61)
(39, 39, 61)
(39, 41, 61)
(39, 43, 61)
(39, 45, 61)
(39, 47, 61)
(39, 49, 61)
(39, 51, 61)
(39, 53, 61)
(39, 55, 61)
(39, 57, 61)
(39, 59, 61)
(39, 61, 61)
(39, 63, 61)
(39, 65, 61)
(17, 'IN_ID', 18)
(30, 35, 58)
(30, 37, 58)
(30, 39, 58)
(30, 41, 58)
(30, 43, 58)
(30, 45, 58)
(30, 47, 58)
(30, 49, 58)
(30, 51, 58)
(30, 53, 58)
(30, 55, 58)
(30, 57, 58)
(30, 59, 58)
(30, 61, 58)
(30, 63, 58)
(30, 65, 58)
(1, 35, 49)
(48, 34, 47)
(48, 36, 47)
(48, 38, 47)
(48, 40, 47)
(48, 42, 47)
(48, 44, 47)
(48, 46, 47)
(48, 48, 47)
(48, 50, 47)
(48, 52, 47)
(48, 54, 47)
(48, 56, 47)
(48, 58, 47)
(48, 60, 47)
(48, 62, 47)
(48, 64, 47)
(28, 53, 58)
(7, 34, 8)
(7, 35, 8)
(7, 36, 8)
(7, 37, 8)
(7, 38, 8)
(7, 40, 8)
(7, 41, 8)
(7, 42, 8)
(7, 43, 8)
(7, 44, 8)
(7, 45, 8)
(7, 46, 8)
(7, 47, 8)
(7, 48, 8)
(7, 49, 8)
(7, 50, 8)
(7, 51, 8)
(7, 52, 8)
(7, 53, 8)
(7, 54, 8)
(7, 55, 8)
(7, 56, 8)
(7, 57, 8)
(7, 58, 8)
(7, 59, 8)
(7, 60, 8)
(7, 61, 8)
(7, 62, 8)
(7, 63, 8)
(7, 64, 8)
(7, 65, 8)
(22, 34, 23)
(22, 35, 23)
(22, 36, 23)
(22, 37, 23)
(22, 38, 23)
(22, 39, 23)
(22, 40, 23)
(22, 41, 23)
(22, 42, 23)
(22, 43, 23)
(22, 44, 23)
(22, 45, 23)
(22, 46, 23)
(22, 47, 23)
(22, 48, 23)
(22, 50, 23)
(22, 51, 23)
(22, 52, 23)
(22, 53, 23)
(22, 54, 23)
(22, 55, 23)
(22, 56, 23)
(22, 57, 23)
(22, 58, 23)
(22, 59, 23)
(22, 60, 23)
(22, 61, 23)
(22, 62, 23)
(22, 63, 23)
(22, 64, 23)
(22, 65, 23)
(53, 'IN_ID', 15)
(8, 'IN_ID', 9)
(7, 39, 51)
(54, 'IN_ID', 18)
(10, 41, 52)
(None, 93, 43)
(20, 'IN_ID', 21)
(33, 35, 59)
(33, 37, 59)
(33, 39, 59)
(33, 41, 59)
(33, 43, 59)
(33, 45, 59)
(33, 47, 59)
(33, 49, 59)
(33, 51, 59)
(33, 53, 59)
(33, 55, 59)
(33, 57, 59)
(33, 59, 59)
(33, 61, 59)
(33, 63, 59)
(33, 65, 59)
(24, 35, 56)
(24, 37, 56)
(24, 39, 56)
(24, 41, 56)
(24, 43, 56)
(24, 45, 56)
(24, 47, 56)
(24, 49, 56)
(24, 51, 56)
(24, 53, 56)
(24, 55, 56)
(24, 57, 56)
(24, 59, 56)
(24, 61, 56)
(24, 63, 56)
(24, 65, 56)
(36, 34, 35)
(36, 36, 35)
(36, 38, 35)
(36, 40, 35)
(36, 42, 35)
(36, 44, 35)
(36, 46, 35)
(36, 48, 35)
(36, 50, 35)
(36, 52, 35)
(36, 54, 35)
(36, 56, 35)
(36, 58, 35)
(36, 60, 35)
(36, 62, 35)
(36, 64, 35)
(16, 34, 17)
(16, 35, 17)
(16, 36, 17)
(16, 37, 17)
(16, 38, 17)
(16, 39, 17)
(16, 40, 17)
(16, 41, 17)
(16, 42, 17)
(16, 43, 17)
(16, 44, 17)
(16, 46, 17)
(16, 47, 17)
(16, 48, 17)
(16, 49, 17)
(16, 50, 17)
(16, 51, 17)
(16, 52, 17)
(16, 53, 17)
(16, 54, 17)
(16, 55, 17)
(16, 56, 17)
(16, 57, 17)
(16, 58, 17)
(16, 59, 17)
(16, 60, 17)
(16, 61, 17)
(16, 62, 17)
(16, 63, 17)
(16, 64, 17)
(16, 65, 17)
(12, 35, 52)
(12, 37, 52)
(12, 39, 52)
(12, 41, 52)
(12, 43, 52)
(12, 45, 52)
(12, 47, 52)
(12, 49, 52)
(12, 51, 52)
(12, 53, 52)
(12, 55, 52)
(12, 57, 52)
(12, 59, 52)
(12, 61, 52)
(12, 63, 52)
(12, 65, 52)
(None, 89, 37)
(37, 34, 38)
(37, 35, 38)
(37, 36, 38)
(37, 37, 38)
(37, 38, 38)
(37, 39, 38)
(37, 40, 38)
(37, 41, 38)
(37, 42, 38)
(37, 43, 38)
(37, 44, 38)
(37, 45, 38)
(37, 46, 38)
(37, 47, 38)
(37, 48, 38)
(37, 49, 38)
(37, 50, 38)
(37, 51, 38)
(37, 52, 38)
(37, 53, 38)
(37, 54, 38)
(37, 55, 38)
(37, 56, 38)
(37, 57, 38)
(37, 58, 38)
(37, 60, 38)
(37, 61, 38)
(37, 62, 38)
(37, 63, 38)
(37, 64, 38)
(37, 65, 38)
(None, 91, 40)
(None, 95, 46)
(23, 'IN_ID', 24)
(61, 'IN_ID', 39)
(38, 'IN_ID', 39)
(None, 85, 31)
(39, 34, 38)
(39, 36, 38)
(39, 38, 38)
(39, 40, 38)
(39, 42, 38)
(39, 44, 38)
(39, 46, 38)
(39, 48, 38)
(39, 50, 38)
(39, 52, 38)
(39, 54, 38)
(39, 56, 38)
(39, 58, 38)
(39, 60, 38)
(39, 62, 38)
(39, 64, 38)
(21, 35, 55)
(21, 37, 55)
(21, 39, 55)
(21, 41, 55)
(21, 43, 55)
(21, 45, 55)
(21, 47, 55)
(21, 49, 55)
(21, 51, 55)
(21, 53, 55)
(21, 55, 55)
(21, 57, 55)
(21, 59, 55)
(21, 61, 55)
(21, 63, 55)
(21, 65, 55)
(None, 87, 34)
(63, 'IN_ID', 45)
(3, 35, 49)
(3, 37, 49)
(3, 39, 49)
(3, 41, 49)
(3, 43, 49)
(3, 45, 49)
(3, 47, 49)
(3, 49, 49)
(3, 51, 49)
(3, 53, 49)
(3, 55, 49)
(3, 57, 49)
(3, 59, 49)
(3, 61, 49)
(3, 63, 49)
(3, 65, 49)
(27, 34, 26)
(27, 36, 26)
(27, 38, 26)
(27, 40, 26)
(27, 42, 26)
(27, 44, 26)
(27, 46, 26)
(27, 48, 26)
(27, 50, 26)
(27, 52, 26)
(27, 54, 26)
(27, 56, 26)
(27, 58, 26)
(27, 60, 26)
(27, 62, 26)
(27, 64, 26)
(51, 'IN_ID', 9)
(28, 34, 29)
(28, 35, 29)
(28, 36, 29)
(28, 37, 29)
(28, 38, 29)
(28, 39, 29)
(28, 40, 29)
(28, 41, 29)
(28, 42, 29)
(28, 43, 29)
(28, 44, 29)
(28, 45, 29)
(28, 46, 29)
(28, 47, 29)
(28, 48, 29)
(28, 49, 29)
(28, 50, 29)
(28, 51, 29)
(28, 52, 29)
(28, 54, 29)
(28, 55, 29)
(28, 56, 29)
(28, 57, 29)
(28, 58, 29)
(28, 59, 29)
(28, 60, 29)
(28, 61, 29)
(28, 62, 29)
(28, 63, 29)
(28, 64, 29)
(28, 65, 29)
(9, 34, 8)
(9, 36, 8)
(9, 38, 8)
(9, 40, 8)
(9, 42, 8)
(9, 44, 8)
(9, 46, 8)
(9, 48, 8)
(9, 50, 8)
(9, 52, 8)
(9, 54, 8)
(9, 56, 8)
(9, 58, 8)
(9, 60, 8)
(9, 62, 8)
(9, 64, 8)
(None, 83, 28)
(36, 35, 60)
(36, 37, 60)
(36, 39, 60)
(36, 41, 60)
(36, 43, 60)
(36, 45, 60)
(36, 47, 60)
(36, 49, 60)
(36, 51, 60)
(36, 53, 60)
(36, 55, 60)
(36, 57, 60)
(36, 59, 60)
(36, 61, 60)
(36, 63, 60)
(36, 65, 60)
(46, 34, 47)
(46, 35, 47)
(46, 36, 47)
(46, 37, 47)
(46, 38, 47)
(46, 39, 47)
(46, 40, 47)
(46, 41, 47)
(46, 42, 47)
(46, 43, 47)
(46, 44, 47)
(46, 45, 47)
(46, 46, 47)
(46, 47, 47)
(46, 48, 47)
(46, 49, 47)
(46, 50, 47)
(46, 51, 47)
(46, 52, 47)
(46, 53, 47)
(46, 54, 47)
(46, 55, 47)
(46, 56, 47)
(46, 57, 47)
(46, 58, 47)
(46, 59, 47)
(46, 60, 47)
(46, 61, 47)
(46, 62, 47)
(46, 63, 47)
(46, 64, 47)
(32, 'IN_ID', 33)
(21, 34, 20)
(21, 36, 20)
(21, 38, 20)
(21, 40, 20)
(21, 42, 20)
(21, 44, 20)
(21, 46, 20)
(21, 48, 20)
(21, 50, 20)
(21, 52, 20)
(21, 54, 20)
(21, 56, 20)
(21, 58, 20)
(21, 60, 20)
(21, 62, 20)
(21, 64, 20)
(34, 57, 60)
(11, 'IN_ID', 12)
(25, 51, 57)
(None, 79, 22)
(64, 'IN_ID', 48)
(None, 81, 25)
(47, 'IN_ID', 48)
(13, 43, 53)
(18, 34, 17)
(18, 36, 17)
(18, 38, 17)
(18, 40, 17)
(18, 42, 17)
(18, 44, 17)
(18, 46, 17)
(18, 48, 17)
(18, 50, 17)
(18, 52, 17)
(18, 54, 17)
(18, 56, 17)
(18, 58, 17)
(18, 60, 17)
(18, 62, 17)
(18, 64, 17)
(41, 'IN_ID', 42)
(40, 61, 62)
(2, 'IN_ID', 3)
(None, 77, 19)
(43, 34, 44)
(43, 35, 44)
(43, 36, 44)
(43, 37, 44)
(43, 38, 44)
(43, 39, 44)
(43, 40, 44)
(43, 41, 44)
(43, 42, 44)
(43, 43, 44)
(43, 44, 44)
(43, 45, 44)
(43, 46, 44)
(43, 47, 44)
(43, 48, 44)
(43, 49, 44)
(43, 50, 44)
(43, 51, 44)
(43, 52, 44)
(43, 53, 44)
(43, 54, 44)
(43, 55, 44)
(43, 56, 44)
(43, 57, 44)
(43, 58, 44)
(43, 59, 44)
(43, 60, 44)
(43, 61, 44)
(43, 62, 44)
(43, 64, 44)
(43, 65, 44)
(6, 34, 5)
(6, 36, 5)
(6, 38, 5)
(6, 40, 5)
(6, 42, 5)
(6, 44, 5)
(6, 46, 5)
(6, 48, 5)
(6, 50, 5)
(6, 52, 5)
(6, 54, 5)
(6, 56, 5)
(6, 58, 5)
(6, 60, 5)
(6, 62, 5)
(6, 64, 5)
(18, 35, 54)
(18, 37, 54)
(18, 39, 54)
(18, 41, 54)
(18, 43, 54)
(18, 45, 54)
(18, 47, 54)
(18, 49, 54)
(18, 51, 54)
(18, 53, 54)
(18, 55, 54)
(18, 57, 54)
(18, 59, 54)
(18, 61, 54)
(18, 63, 54)
(18, 65, 54)
(22, 49, 56)
(16, 45, 54)
(56, 'IN_ID', 24)
(62, 'IN_ID', 42)
(None, 73, 13)
(None, 75, 16)
(10, 34, 11)
(10, 35, 11)
(10, 36, 11)
(10, 37, 11)
(10, 38, 11)
(10, 39, 11)
(10, 40, 11)
(10, 42, 11)
(10, 43, 11)
(10, 44, 11)
(10, 45, 11)
(10, 46, 11)
(10, 47, 11)
(10, 48, 11)
(10, 49, 11)
(10, 50, 11)
(10, 51, 11)
(10, 52, 11)
(10, 53, 11)
(10, 54, 11)
(10, 55, 11)
(10, 56, 11)
(10, 57, 11)
(10, 58, 11)
(10, 59, 11)
(10, 60, 11)
(10, 61, 11)
(10, 62, 11)
(10, 63, 11)
(10, 64, 11)
(10, 65, 11)
(5, 'IN_ID', 6)
(27, 35, 57)
(27, 37, 57)
(27, 39, 57)
(27, 41, 57)
(27, 43, 57)
(27, 45, 57)
(27, 47, 57)
(27, 49, 57)
(27, 51, 57)
(27, 53, 57)
(27, 55, 57)
(27, 57, 57)
(27, 59, 57)
(27, 61, 57)
(27, 63, 57)
(27, 65, 57)
(60, 'IN_ID', 36)
(33, 34, 32)
(33, 36, 32)
(33, 38, 32)
(33, 40, 32)
(33, 42, 32)
(33, 44, 32)
(33, 46, 32)
(33, 48, 32)
(33, 50, 32)
(33, 52, 32)
(33, 54, 32)
(33, 56, 32)
(33, 58, 32)
(33, 60, 32)
(33, 62, 32)
(33, 64, 32)
(31, 34, 32)
(31, 35, 32)
(31, 36, 32)
(31, 37, 32)
(31, 38, 32)
(31, 39, 32)
(31, 40, 32)
(31, 41, 32)
(31, 42, 32)
(31, 43, 32)
(31, 44, 32)
(31, 45, 32)
(31, 46, 32)
(31, 47, 32)
(31, 48, 32)
(31, 49, 32)
(31, 50, 32)
(31, 51, 32)
(31, 52, 32)
(31, 53, 32)
(31, 54, 32)
(31, 56, 32)
(31, 57, 32)
(31, 58, 32)
(31, 59, 32)
(31, 60, 32)
(31, 61, 32)
(31, 62, 32)
(31, 63, 32)
(31, 64, 32)
(31, 65, 32)
(None, 69, 7)
(1, 34, 2)
(1, 36, 2)
(1, 37, 2)
(1, 38, 2)
(1, 39, 2)
(1, 40, 2)
(1, 41, 2)
(1, 42, 2)
(1, 43, 2)
(1, 44, 2)
(1, 45, 2)
(1, 46, 2)
(1, 47, 2)
(1, 48, 2)
(1, 49, 2)
(1, 50, 2)
(1, 51, 2)
(1, 52, 2)
(1, 53, 2)
(1, 54, 2)
(1, 55, 2)
(1, 56, 2)
(1, 57, 2)
(1, 58, 2)
(1, 59, 2)
(1, 60, 2)
(1, 61, 2)
(1, 62, 2)
(1, 63, 2)
(1, 64, 2)
(1, 65, 2)
(6, 35, 50)
(6, 37, 50)
(6, 39, 50)
(6, 41, 50)
(6, 43, 50)
(6, 45, 50)
(6, 47, 50)
(6, 49, 50)
(6, 51, 50)
(6, 53, 50)
(6, 55, 50)
(6, 57, 50)
(6, 59, 50)
(6, 61, 50)
(6, 63, 50)
(6, 65, 50)
(None, 71, 10)
(4, 34, 5)
(4, 35, 5)
(4, 36, 5)
(4, 38, 5)
(4, 39, 5)
(4, 40, 5)
(4, 41, 5)
(4, 42, 5)
(4, 43, 5)
(4, 44, 5)
(4, 45, 5)
(4, 46, 5)
(4, 47, 5)
(4, 48, 5)
(4, 49, 5)
(4, 50, 5)
(4, 51, 5)
(4, 52, 5)
(4, 53, 5)
(4, 54, 5)
(4, 55, 5)
(4, 56, 5)
(4, 57, 5)
(4, 58, 5)
(4, 59, 5)
(4, 60, 5)
(4, 61, 5)
(4, 62, 5)
(4, 63, 5)
(4, 64, 5)
(4, 65, 5)
(58, 'IN_ID', 30)
(49, 'IN_ID', 3)
(24, 34, 23)
(24, 36, 23)
(24, 38, 23)
(24, 40, 23)
(24, 42, 23)
(24, 44, 23)
(24, 46, 23)
(24, 48, 23)
(24, 50, 23)
(24, 52, 23)
(24, 54, 23)
(24, 56, 23)
(24, 58, 23)
(24, 60, 23)
(24, 62, 23)
(24, 64, 23)
(None, 67, 4)
(15, 35, 53)
(15, 37, 53)
(15, 39, 53)
(15, 41, 53)
(15, 43, 53)
(15, 45, 53)
(15, 47, 53)
(15, 49, 53)
(15, 51, 53)
(15, 53, 53)
(15, 55, 53)
(15, 57, 53)
(15, 59, 53)
(15, 61, 53)
(15, 63, 53)
(15, 65, 53)
(45, 34, 44)
(45, 36, 44)
(45, 38, 44)
(45, 40, 44)
(45, 42, 44)
(45, 44, 44)
(45, 46, 44)
(45, 48, 44)
(45, 50, 44)
(45, 52, 44)
(45, 54, 44)
(45, 56, 44)
(45, 58, 44)
(45, 60, 44)
(45, 62, 44)
(45, 64, 44)
(55, 'IN_ID', 21)
(19, 34, 20)
(19, 35, 20)
(19, 36, 20)
(19, 37, 20)
(19, 38, 20)
(19, 39, 20)
(19, 40, 20)
(19, 41, 20)
(19, 42, 20)
(19, 43, 20)
(19, 44, 20)
(19, 45, 20)
(19, 46, 20)
(19, 48, 20)
(19, 49, 20)
(19, 50, 20)
(19, 51, 20)
(19, 52, 20)
(19, 53, 20)
(19, 54, 20)
(19, 55, 20)
(19, 56, 20)
(19, 57, 20)
(19, 58, 20)
(19, 59, 20)
(19, 60, 20)
(19, 61, 20)
(19, 62, 20)
(19, 63, 20)
(19, 64, 20)
(19, 65, 20)
(45, 35, 63)
(45, 37, 63)
(45, 39, 63)
(45, 41, 63)
(45, 43, 63)
(45, 45, 63)
(45, 47, 63)
(45, 49, 63)
(45, 51, 63)
(45, 53, 63)
(45, 55, 63)
(45, 57, 63)
(45, 59, 63)
(45, 61, 63)
(45, 63, 63)
(45, 65, 63)
(26, 'IN_ID', 27)
(31, 55, 59)
(13, 34, 14)
(13, 35, 14)
(13, 36, 14)
(13, 37, 14)
(13, 38, 14)
(13, 39, 14)
(13, 40, 14)
(13, 41, 14)
(13, 42, 14)
(13, 44, 14)
(13, 45, 14)
(13, 46, 14)
(13, 47, 14)
(13, 48, 14)
(13, 49, 14)
(13, 50, 14)
(13, 51, 14)
(13, 52, 14)
(13, 53, 14)
(13, 54, 14)
(13, 55, 14)
(13, 56, 14)
(13, 57, 14)
(13, 58, 14)
(13, 59, 14)
(13, 60, 14)
(13, 61, 14)
(13, 62, 14)
(13, 63, 14)
(13, 64, 14)
(13, 65, 14)
(4, 37, 50)
(None, 1, 1)
(50, 'IN_ID', 6)
(46, 65, 64)
(37, 59, 61)
----------
(40, 34, 41) []
(39, 55, 61) [202]
(43, 54, 44) []
(43, 53, 44) []
(48, 34, 47) []
(7, 59, 8) []
(28, 49, 29) []
(1, 42, 2) []
(18, 64, 17) []
(37, 47, 38) []
(18, 59, 54) [92]
(12, 60, 11) []
(19, 54, 20) []
(9, 44, 8) []
(48, 54, 47) []
(40, 47, 41) []
(45, 60, 44) []
(12, 36, 11) []
(24, 40, 23) []
(22, 62, 23) []
(33, 60, 32) []
(39, 37, 61) [193]
(36, 49, 60) [183]
(4, 37, 50) [257]
(7, 46, 8) []
(25, 56, 26) []
(1, 37, 2) []
(16, 58, 17) []
(39, 47, 61) [198]
(16, 36, 17) []
(42, 34, 41) []
(48, 58, 47) []
(45, 59, 63) [236]
(46, 34, 47) []
(36, 39, 60) [178]
(42, 37, 62) [209]
(10, 36, 11) []
(36, 58, 35) []
(40, 55, 41) []
(39, 56, 38) []
(48, 43, 64) [244]
(25, 54, 26) []
(12, 49, 52) [55]
(22, 63, 23) []
(37, 42, 38) []
(34, 58, 35) []
(46, 47, 47) []
(33, 63, 59) [174]
(18, 58, 17) []
(38, 'IN_ID', 39) []
(None, 75, 16) []
(19, 42, 20) []
(13, 38, 14) []
(12, 61, 52) [61]
(37, 38, 38) []
(12, 39, 52) [50]
(24, 45, 56) [117]
(28, 41, 29) []
(18, 37, 54) [81]
(15, 48, 14) []
(15, 65, 53) [79]
(16, 53, 17) []
(3, 44, 2) []
(24, 48, 23) []
(9, 58, 8) []
(24, 62, 23) []
(40, 57, 41) []
(31, 47, 32) []
(3, 58, 2) []
(33, 37, 59) [161]
(21, 51, 55) [104]
(45, 49, 63) [231]
(33, 42, 32) []
(4, 45, 5) []
(39, 61, 61) [205]
(32, 'IN_ID', 33) []
(9, 47, 51) [38]
(45, 63, 63) [238]
(28, 63, 29) []
(41, 'IN_ID', 42) []
(30, 63, 58) [158]
(17, 'IN_ID', 18) []
(13, 62, 14) []
(24, 50, 23) []
(31, 36, 32) []
(15, 63, 53) [78]
(4, 65, 5) []
(3, 57, 49) [11]
(25, 41, 26) []
(22, 35, 23) []
(33, 65, 59) [175]
(13, 55, 14) []
(40, 38, 41) []
(1, 46, 2) []
(28, 38, 29) []
(48, 52, 47) []
(27, 48, 26) []
(6, 60, 5) []
(42, 43, 62) [212]
(10, 42, 11) []
(33, 48, 32) []
(20, 'IN_ID', 21) []
(23, 'IN_ID', 24) []
(4, 42, 5) []
(28, 44, 29) []
(7, 42, 8) []
(25, 60, 26) []
(1, 57, 2) []
(28, 52, 29) []
(16, 62, 17) []
(6, 64, 5) []
(1, 43, 2) []
(4, 59, 5) []
(42, 46, 41) []
(4, 38, 5) []
(7, 49, 8) []
(22, 36, 23) []
(44, 'IN_ID', 45) []
(30, 62, 29) []
(39, 63, 61) [206]
(39, 38, 38) []
(16, 41, 17) []
(30, 49, 58) [151]
(19, 35, 20) []
(31, 49, 32) []
(21, 58, 20) []
(36, 38, 35) []
(15, 58, 14) []
(4, 55, 5) []
(10, 50, 11) []
(48, 47, 64) [246]
(45, 54, 44) []
(43, 42, 44) []
(22, 40, 23) []
(39, 35, 61) [192]
(34, 54, 35) []
(7, 36, 8) []
(33, 51, 59) [168]
(31, 55, 59) [266]
(18, 54, 17) []
(21, 54, 20) []
(25, 62, 26) []
(46, 53, 47) []
(42, 44, 41) []
(30, 37, 58) [145]
(27, 45, 57) [133]
(6, 46, 5) []
(13, 52, 14) []
(43, 44, 44) []
(34, 49, 35) []
(37, 52, 38) []
(27, 64, 26) []
(25, 55, 26) []
(40, 65, 41) []
(31, 45, 32) []
(3, 65, 49) [15]
(27, 40, 26) []
(15, 34, 14) []
(9, 62, 8) []
(31, 43, 32) []
(3, 62, 2) []
(42, 51, 62) [216]
(33, 46, 32) []
(4, 60, 5) []
(9, 57, 51) [43]
(10, 63, 11) []
(7, 60, 8) []
(25, 36, 26) []
(34, 47, 35) []
(22, 45, 23) []
(10, 64, 11) []
(6, 37, 50) [17]
(3, 61, 49) [13]
(42, 52, 41) []
(25, 45, 26) []
(6, 53, 50) [25]
(64, 'IN_ID', 48) []
(45, 40, 44) []
(24, 51, 56) [120]
(7, 64, 8) []
(16, 35, 17) []
(12, 38, 11) []
(1, 34, 2) []
(19, 36, 20) []
(18, 51, 54) [88]
(36, 42, 35) []
(22, 42, 23) []
(13, 45, 14) []
(19, 62, 20) []
(27, 52, 26) []
(30, 44, 29) []
(62, 'IN_ID', 42) []
(12, 41, 52) [51]
(36, 52, 35) []
(39, 59, 61) [204]
(43, 50, 44) []
(43, 49, 44) []
(33, 52, 32) []
(30, 64, 29) []
(48, 46, 47) []
(33, 43, 59) [164]
(37, 35, 38) []
(18, 63, 54) [94]
(1, 61, 2) []
(16, 50, 17) []
(19, 50, 20) []
(1, 47, 2) []
(None, 73, 13) []
(24, 36, 23) []
(40, 44, 41) []
(39, 41, 61) [195]
(36, 53, 60) [185]
(53, 'IN_ID', 15) []
(12, 62, 11) []
(46, 56, 47) []
(7, 45, 8) []
(30, 50, 29) []
(9, 49, 51) [39]
(46, 44, 47) []
(31, 61, 32) []
(36, 34, 35) []
(3, 63, 49) [14]
(39, 48, 38) []
(9, 65, 51) [47]
(10, 62, 11) []
(48, 35, 64) [240]
(6, 59, 50) [28]
(36, 48, 35) []
(22, 55, 23) []
(27, 34, 26) []
(36, 59, 60) [188]
(34, 50, 35) []
(42, 57, 62) [219]
(18, 50, 17) []
(28, 50, 29) []
(39, 60, 38) []
(9, 52, 8) []
(12, 53, 52) [57]
(40, 52, 41) []
(42, 40, 41) []
(22, 49, 56) [263]
(22, 59, 23) []
(37, 46, 38) []
(25, 35, 26) []
(46, 43, 47) []
(22, 46, 23) []
(25, 59, 26) []
(27, 44, 26) []
(13, 42, 14) []
(48, 49, 64) [247]
(3, 34, 2) []
(21, 59, 55) [108]
(33, 34, 32) []
(14, 'IN_ID', 15) []
(28, 45, 29) []
(10, 59, 11) []
(15, 52, 14) []
(13, 35, 14) []
(7, 56, 8) []
(16, 65, 17) []
(31, 50, 32) []
(36, 64, 35) []
(34, 43, 35) []
(24, 58, 23) []
(19, 55, 20) []
(31, 44, 32) []
(40, 64, 41) []
(10, 37, 11) []
(42, 48, 41) []
(45, 53, 63) [233]
(46, 52, 47) []
(27, 35, 57) [128]
(24, 55, 56) [122]
(28, 35, 29) []
(22, 60, 23) []
(7, 47, 8) []
(12, 34, 11) []
(1, 38, 2) []
(12, 48, 11) []
(6, 52, 5) []
(13, 59, 14) []
(34, 64, 35) []
(3, 41, 49) [3]
(42, 65, 62) [223]
(55, 'IN_ID', 21) []
(48, 48, 47) []
(1, 49, 2) []
(26, 'IN_ID', 27) []
(16, 54, 17) []
(45, 65, 63) [239]
(37, 49, 38) []
(6, 56, 5) []
(4, 35, 5) []
(42, 47, 62) [214]
(45, 34, 44) []
(24, 57, 56) [123]
(4, 46, 5) []
(9, 53, 51) [41]
(30, 36, 29) []
(28, 56, 29) []
(61, 'IN_ID', 39) []
(19, 43, 20) []
(31, 57, 32) []
(15, 61, 53) [77]
(37, 64, 38) []
(36, 46, 35) []
(40, 35, 41) []
(4, 63, 5) []
(33, 49, 59) [167]
(45, 39, 63) [226]
(6, 63, 50) [30]
(36, 60, 35) []
(43, 55, 44) []
(46, 58, 47) []
(27, 38, 26) []
(30, 58, 29) []
(31, 54, 32) []
(18, 46, 17) []
(21, 62, 20) []
(25, 51, 57) [264]
(15, 62, 14) []
(45, 41, 63) [227]
(46, 48, 47) []
(45, 58, 44) []
(40, 56, 41) []
(13, 65, 14) []
(6, 38, 5) []
(39, 39, 61) [194]
(11, 'IN_ID', 12) []
(42, 54, 41) []
(37, 60, 38) []
(18, 43, 54) [84]
(48, 53, 64) [249]
(25, 42, 26) []
(46, 49, 47) []
(3, 38, 2) []
(33, 38, 32) []
(13, 56, 14) []
(40, 61, 62) [269]
(24, 56, 23) []
(43, 40, 44) []
(4, 36, 5) []
(34, 42, 35) []
(34, 39, 35) []
(22, 37, 23) []
(15, 41, 53) [67]
(15, 38, 14) []
(13, 49, 14) []
(16, 42, 17) []
(31, 40, 32) []
(42, 55, 62) [218]
(40, 58, 41) []
(4, 48, 5) []
(27, 39, 57) [130]
(12, 65, 52) [63]
(43, 38, 44) []
(43, 37, 44) []
(7, 43, 8) []
(22, 64, 23) []
(22, 41, 23) []
(1, 58, 2) []
(19, 44, 20) []
(48, 41, 64) [243]
(33, 41, 59) [163]
(33, 50, 32) []
(12, 44, 11) []
(24, 65, 56) [127]
(45, 44, 44) []
(34, 53, 35) []
(7, 54, 8) []
(21, 41, 55) [99]
(37, 43, 38) []
(18, 42, 17) []
(18, 55, 54) [90]
(45, 45, 63) [229]
(1, 53, 2) []
(19, 58, 20) []
(59, 'IN_ID', 33) []
(37, 59, 61) [268]
(42, 58, 41) []
(12, 45, 52) [53]
(1, 39, 2) []
(24, 44, 23) []
(43, 62, 44) []
(43, 61, 44) []
(48, 42, 47) []
(21, 37, 55) [97]
(24, 61, 56) [125]
(28, 57, 29) []
(16, 59, 17) []
(10, 60, 11) []
(21, 40, 20) []
(16, 37, 17) []
(31, 37, 32) []
(22, 34, 23) []
(9, 36, 8) []
(40, 39, 41) []
(18, 65, 54) [95]
(39, 40, 38) []
(33, 53, 59) [169]
(10, 65, 11) []
(6, 51, 50) [24]
(36, 56, 35) []
(39, 45, 61) [197]
(25, 48, 26) []
(21, 36, 20) []
(46, 63, 47) []
(34, 57, 60) [267]
(30, 47, 58) [150]
(39, 52, 38) []
(48, 57, 64) [251]
(25, 57, 26) []
(1, 65, 2) []
(22, 51, 23) []
(30, 60, 29) []
(15, 40, 14) []
(36, 63, 60) [190]
(42, 61, 62) [221]
(28, 54, 29) []
(34, 40, 35) []
(9, 42, 8) []
(40, 41, 41) []
(25, 46, 26) []
(3, 42, 2) []
(33, 58, 32) []
(30, 65, 58) [159]
(7, 65, 8) []
(10, 41, 52) [259]
(46, 39, 47) []
(33, 39, 59) [162]
(34, 35, 35) []
(13, 46, 14) []
(16, 46, 17) []
(19, 63, 20) []
(4, 49, 5) []
(30, 57, 58) [155]
(13, 63, 14) []
(40, 62, 41) []
(24, 37, 56) [113]
(None, 93, 43) []
(13, 39, 14) []
(34, 65, 35) []
(22, 52, 23) []
(30, 46, 29) []
(9, 50, 8) []
(1, 62, 2) []
(40, 49, 41) []
(19, 51, 20) []
(None, 85, 31) []
(48, 36, 47) []
(33, 45, 59) [165]
(45, 57, 63) [235]
(12, 59, 52) [60]
(1, 40, 2) []
(25, 64, 26) []
(18, 57, 54) [91]
(28, 39, 29) []
(7, 50, 8) []
(30, 55, 58) [154]
(18, 38, 17) []
(46, 64, 47) []
(42, 38, 41) []
(37, 57, 38) []
(6, 48, 5) []
(1, 59, 2) []
(4, 43, 5) []
(27, 61, 57) [141]
(60, 'IN_ID', 36) []
(43, 65, 44) []
(None, 79, 22) []
(16, 63, 17) []
(28, 46, 29) []
(10, 56, 11) []
(15, 35, 53) [64]
(9, 61, 51) [45]
(48, 60, 47) []
(27, 56, 26) []
(37, 53, 38) []
(4, 39, 5) []
(43, 57, 44) []
(42, 35, 62) [208]
(10, 34, 11) []
(45, 38, 44) []
(6, 55, 50) [26]
(36, 36, 35) []
(39, 58, 38) []
(7, 39, 51) [258]
(25, 52, 26) []
(28, 60, 29) []
(16, 56, 17) []
(31, 62, 32) []
(22, 61, 23) []
(15, 49, 53) [71]
(3, 51, 49) [8]
(21, 39, 55) [98]
(3, 45, 49) [5]
(46, 45, 47) []
(27, 41, 57) [131]
(25, 61, 26) []
(46, 46, 47) []
(43, 52, 44) []
(43, 51, 44) []
(46, 54, 47) []
(13, 36, 14) []
(7, 57, 8) []
(30, 54, 29) []
(1, 56, 2) []
(37, 36, 38) []
(19, 59, 20) []
(19, 52, 20) []
(34, 36, 35) []
(15, 50, 14) []
(9, 46, 8) []
(40, 45, 41) []
(45, 62, 44) []
(6, 58, 5) []
(3, 46, 2) []
(33, 62, 32) []
(39, 43, 61) [196]
(4, 44, 5) []
(10, 47, 11) []
(7, 44, 8) []
(33, 59, 59) [172]
(21, 49, 55) [103]
(6, 65, 50) [31]
(31, 60, 32) []
(34, 63, 35) []
(18, 47, 54) [86]
(30, 51, 58) [152]
(16, 34, 17) []
(30, 52, 29) []
(None, 69, 7) []
(42, 36, 41) []
(30, 61, 58) [157]
(45, 48, 44) []
(13, 60, 14) []
(24, 52, 23) []
(4, 56, 5) []
(3, 48, 2) []
(36, 37, 60) [177]
(25, 47, 26) []
(21, 48, 20) []
(13, 53, 14) []
(9, 54, 8) []
(1, 50, 2) []
(40, 53, 41) []
(18, 49, 54) [87]
(1, 44, 2) []
(10, 55, 11) []
(6, 43, 50) [20]
(43, 34, 44) []
(27, 53, 57) [137]
(27, 50, 26) []
(36, 43, 60) [180]
(18, 60, 17) []
(42, 41, 62) [211]
(19, 40, 20) []
(18, 34, 17) []
(27, 65, 57) [143]
(25, 37, 26) []
(51, 'IN_ID', 9) []
(12, 37, 52) [49]
(39, 64, 38) []
(1, 63, 2) []
(24, 43, 56) [116]
(27, 49, 57) [135]
(21, 45, 55) [101]
(12, 46, 11) []
(16, 51, 17) []
(None, 91, 40) []
(6, 44, 5) []
(46, 60, 47) []
(27, 60, 26) []
(22, 58, 23) []
(10, 54, 11) []
(43, 58, 44) []
(10, 46, 11) []
(28, 61, 29) []
(21, 44, 20) []
(31, 58, 32) []
(22, 65, 23) []
(3, 55, 49) [10]
(1, 64, 2) []
(39, 44, 38) []
(12, 58, 11) []
(22, 56, 23) []
(45, 37, 63) [225]
(40, 36, 41) []
(39, 49, 61) [199]
(27, 51, 57) [136]
(7, 53, 8) []
(28, 51, 29) []
(46, 59, 47) []
(46, 36, 47) []
(13, 50, 14) []
(37, 50, 38) []
(9, 51, 51) [40]
(27, 42, 26) []
(15, 44, 14) []
(36, 51, 60) [184]
(10, 43, 11) []
(7, 40, 8) []
(1, 35, 49) [256]
(42, 49, 62) [215]
(31, 64, 32) []
(28, 58, 29) []
(16, 60, 17) []
(34, 59, 35) []
(10, 61, 11) []
(16, 38, 17) []
(40, 48, 41) []
(4, 57, 5) []
(34, 45, 35) []
(13, 43, 53) [260]
(48, 65, 64) [255]
(7, 55, 8) []
(46, 35, 47) []
(3, 52, 2) []
(30, 56, 29) []
(37, 55, 38) []
(6, 40, 5) []
(9, 37, 51) [33]
(1, 54, 2) []
(1, 51, 2) []
(4, 53, 5) []
(8, 'IN_ID', 9) []
(12, 51, 52) [56]
(6, 36, 5) []
(10, 51, 11) []
(6, 47, 50) [22]
(28, 42, 29) []
(28, 64, 29) []
(27, 54, 26) []
(22, 48, 23) []
(30, 42, 29) []
(18, 56, 17) []
(21, 47, 55) [102]
(45, 61, 63) [237]
(12, 63, 52) [62]
(27, 43, 57) [132]
(18, 61, 54) [93]
(43, 63, 63) [270]
(24, 47, 56) [118]
(28, 43, 29) []
(12, 42, 11) []
(16, 55, 17) []
(24, 38, 23) []
(15, 43, 53) [68]
(9, 56, 8) []
(40, 59, 41) []
(12, 56, 11) []
(31, 41, 32) []
(5, 'IN_ID', 6) []
(37, 61, 38) []
(33, 40, 32) []
(9, 55, 51) [42]
(4, 47, 5) []
(4, 50, 5) []
(36, 44, 35) []
(43, 39, 44) []
(39, 50, 38) []
(29, 'IN_ID', 30) []
(15, 39, 53) [66]
(6, 57, 50) [27]
(31, 38, 32) []
(22, 53, 23) []
(15, 57, 53) [75]
(3, 59, 49) [12]
(42, 39, 62) [210]
(45, 42, 44) []
(12, 64, 11) []
(40, 40, 41) []
(24, 49, 56) [119]
(39, 62, 38) []
(22, 57, 23) []
(37, 44, 38) []
(19, 60, 20) []
(34, 60, 35) []
(None, 89, 37) []
(48, 37, 64) [241]
(33, 57, 59) [171]
(6, 50, 5) []
(43, 48, 44) []
(33, 54, 32) []
(13, 40, 14) []
(30, 35, 58) [144]
(48, 56, 47) []
(16, 48, 17) []
(19, 48, 20) []
(19, 49, 20) []
(25, 58, 26) []
(18, 39, 54) [82]
(10, 57, 11) []
(15, 54, 14) []
(34, 41, 35) []
(40, 42, 41) []
(24, 60, 23) []
(7, 51, 8) []
(3, 56, 2) []
(21, 53, 55) [105]
(45, 51, 63) [232]
(21, 34, 20) []
(19, 37, 20) []
(31, 51, 32) []
(9, 41, 51) [35]
(46, 50, 47) []
(25, 34, 26) []
(22, 50, 23) []
(45, 52, 44) []
(None, 1, 1) []
(1, 36, 2) []
(28, 65, 29) []
(6, 35, 50) [16]
(36, 57, 60) [187]
(46, 62, 47) []
(7, 38, 8) []
(18, 52, 17) []
(21, 52, 20) []
(13, 57, 14) []
(40, 50, 41) []
(42, 42, 41) []
(27, 47, 57) [134]
(48, 50, 47) []
(1, 55, 2) []
(43, 46, 44) []
(43, 45, 44) []
(37, 63, 38) []
(36, 47, 60) [182]
(42, 45, 62) [213]
(10, 44, 11) []
(9, 60, 8) []
(40, 63, 41) []
(12, 52, 11) []
(15, 64, 14) []
(48, 64, 47) []
(33, 44, 32) []
(9, 59, 51) [44]
(48, 40, 47) []
(34, 46, 35) []
(37, 65, 38) []
(7, 62, 8) []
(36, 40, 35) []
(33, 55, 59) [170]
(47, 'IN_ID', 48) []
(6, 61, 50) [29]
(31, 34, 32) []
(22, 38, 23) []
(42, 50, 41) []
(39, 36, 38) []
(48, 39, 64) [242]
(30, 41, 58) [147]
(24, 53, 56) [121]
(15, 56, 14) []
(10, 52, 11) []
(30, 45, 58) [149]
(19, 38, 20) []
(19, 61, 20) []
(48, 59, 64) [252]
(34, 56, 35) []
(33, 61, 59) [173]
(37, 58, 38) []
(12, 43, 52) [52]
(39, 53, 61) [201]
(18, 41, 54) [83]
(25, 40, 26) []
(28, 55, 29) []
(57, 'IN_ID', 27) []
(46, 55, 47) []
(30, 39, 58) [146]
(13, 54, 14) []
(36, 62, 35) []
(16, 52, 17) []
(34, 51, 35) []
(37, 40, 38) []
(37, 54, 38) []
(25, 49, 26) []
(34, 37, 35) []
(13, 47, 14) []
(40, 46, 41) []
(36, 55, 60) [186]
(3, 60, 2) []
(42, 53, 62) [217]
(31, 65, 32) []
(15, 37, 53) [65]
(16, 47, 17) []
(28, 62, 29) []
(31, 63, 32) []
(15, 51, 53) [72]
(9, 45, 51) [37]
(9, 34, 8) []
(25, 38, 26) []
(4, 61, 5) []
(22, 47, 23) []
(30, 43, 58) [148]
(6, 39, 50) [18]
(33, 47, 59) [166]
(27, 55, 57) [138]
(7, 34, 8) []
(31, 52, 32) []
(18, 48, 17) []
(3, 35, 49) [0]
(21, 55, 55) [106]
(12, 55, 52) [58]
(40, 54, 41) []
(37, 41, 38) []
(18, 53, 54) [89]
(33, 64, 32) []
(30, 38, 29) []
(24, 46, 23) []
(10, 40, 11) []
(48, 44, 47) []
(21, 35, 55) [96]
(37, 56, 38) []
(3, 37, 49) [1]
(10, 58, 11) []
(37, 37, 38) []
(9, 63, 51) [46]
(4, 58, 5) []
(28, 47, 29) []
(3, 64, 2) []
(7, 58, 8) []
(39, 42, 38) []
(1, 41, 2) []
(24, 34, 23) []
(25, 65, 26) []
(15, 47, 53) [70]
(6, 49, 50) [23]
(19, 57, 20) []
(31, 46, 32) []
(24, 64, 23) []
(42, 62, 41) []
(46, 61, 47) []
(None, 83, 28) []
(4, 54, 5) []
(27, 37, 57) [129]
(43, 36, 44) []
(43, 35, 44) []
(39, 54, 38) []
(7, 41, 8) []
(10, 48, 11) []
(25, 63, 26) []
(36, 41, 60) [179]
(36, 54, 35) []
(15, 42, 14) []
(48, 63, 64) [254]
(34, 52, 35) []
(42, 59, 62) [220]
(45, 46, 44) []
(6, 42, 5) []
(34, 38, 35) []
(46, 41, 47) []
(7, 52, 8) []
(25, 44, 26) []
(28, 36, 29) []
(18, 44, 17) []
(28, 53, 58) [265]
(16, 40, 17) []
(19, 56, 20) []
(46, 37, 47) []
(42, 60, 41) []
(25, 53, 26) []
(6, 62, 5) []
(43, 60, 44) []
(43, 59, 44) []
(46, 38, 47) []
(13, 44, 14) []
(24, 59, 56) [124]
(4, 40, 5) []
(16, 57, 17) []
(21, 61, 55) [109]
(21, 42, 20) []
(18, 35, 54) [80]
(19, 45, 20) []
(31, 59, 32) []
(13, 37, 14) []
(45, 43, 63) [228]
(9, 38, 8) []
(40, 37, 41) []
(16, 45, 54) [261]
(48, 45, 64) [245]
(45, 64, 44) []
(27, 46, 26) []
(1, 60, 2) []
(39, 51, 61) [200]
(43, 41, 44) []
(10, 39, 11) []
(48, 38, 47) []
(33, 35, 59) [160]
(21, 38, 20) []
(43, 43, 44) []
(31, 48, 32) []
(3, 49, 49) [7]
(3, 39, 49) [2]
(30, 53, 58) [153]
(45, 56, 44) []
(34, 44, 35) []
(36, 61, 60) [189]
(12, 54, 11) []
(25, 39, 26) []
(36, 45, 60) [181]
(37, 39, 38) []
(13, 61, 14) []
(46, 40, 47) []
(21, 64, 20) []
(21, 57, 55) [107]
(63, 'IN_ID', 45) []
(10, 38, 11) []
(33, 36, 32) []
(9, 35, 51) [32]
(48, 62, 47) []
(None, 67, 4) []
(27, 58, 26) []
(37, 51, 38) []
(36, 35, 60) [176]
(1, 45, 2) []
(19, 47, 55) [262]
(42, 64, 41) []
(16, 44, 17) []
(15, 53, 53) [73]
(31, 42, 32) []
(40, 60, 41) []
(48, 61, 64) [253]
(24, 35, 56) [112]
(34, 55, 35) []
(27, 57, 57) [139]
(7, 61, 8) []
(7, 37, 8) []
(30, 40, 29) []
(36, 50, 35) []
(45, 47, 63) [230]
(19, 46, 20) []
(27, 36, 26) []
(13, 34, 14) []
(48, 51, 64) [248]
(12, 57, 52) [59]
(34, 48, 35) []
(37, 34, 38) []
(12, 35, 52) [48]
(28, 37, 29) []
(34, 34, 35) []
(15, 60, 14) []
(7, 48, 8) []
(19, 34, 20) []
(18, 40, 17) []
(21, 65, 55) [111]
(19, 41, 20) []
(10, 45, 11) []
(42, 56, 41) []
(21, 63, 55) [110]
(37, 62, 38) []
(12, 47, 52) [54]
(4, 41, 5) []
(39, 57, 61) [203]
(34, 61, 35) []
(27, 59, 57) [140]
(18, 45, 54) [85]
(24, 63, 56) [126]
(28, 59, 29) []
(16, 61, 17) []
(None, 81, 25) []
(46, 51, 47) []
(3, 36, 2) []
(35, 'IN_ID', 36) []
(13, 58, 14) []
(16, 39, 17) []
(16, 64, 17) []
(24, 54, 23) []
(31, 39, 32) []
(15, 59, 53) [76]
(3, 50, 2) []
(52, 'IN_ID', 12) []
(22, 39, 23) []
(9, 39, 51) [34]
(15, 36, 14) []
(13, 51, 14) []
(1, 48, 2) []
(54, 'IN_ID', 18) []
(None, 95, 46) []
(10, 35, 11) []
(28, 34, 29) []
(36, 65, 60) [191]
(15, 55, 53) [74]
(10, 53, 11) []
(6, 41, 50) [19]
(3, 43, 49) [4]
(22, 43, 23) []
(7, 63, 8) []
(30, 48, 29) []
(12, 50, 11) []
(25, 43, 26) []
(28, 48, 29) []
(9, 40, 8) []
(21, 43, 55) [100]
(40, 43, 41) []
(12, 40, 11) []
(16, 43, 17) []
(9, 64, 8) []
(37, 45, 38) []
(33, 56, 32) []
(56, 'IN_ID', 24) []
(4, 34, 5) []
(None, 77, 19) []
(27, 62, 26) []
(30, 34, 29) []
(18, 62, 17) []
(39, 34, 38) []
(39, 65, 61) [207]
(13, 64, 14) []
(24, 42, 23) []
(49, 'IN_ID', 3) []
(19, 39, 20) []
(19, 65, 20) []
(21, 56, 20) []
(None, 87, 34) []
(4, 51, 5) []
(45, 50, 44) []
(24, 39, 56) [114]
(4, 62, 5) []
(22, 44, 23) []
(39, 46, 38) []
(46, 65, 64) [271]
(45, 35, 63) [224]
(21, 50, 20) []
(9, 48, 8) []
(40, 51, 41) []
(19, 53, 20) []
(58, 'IN_ID', 30) []
(48, 55, 64) [250]
(25, 50, 26) []
(46, 57, 47) []
(46, 42, 47) []
(6, 34, 5) []
(13, 48, 14) []
(50, 'IN_ID', 6) []
(43, 47, 44) []
(34, 62, 35) []
(37, 48, 38) []
(18, 36, 17) []
(15, 46, 14) []
(42, 63, 62) [222]
(6, 54, 5) []
(43, 64, 44) []
(24, 41, 56) [115]
(27, 63, 57) [142]
(45, 55, 63) [234]
(3, 53, 49) [9]
(16, 49, 17) []
(28, 40, 29) []
(7, 35, 8) []
(3, 40, 2) []
(31, 53, 32) []
(15, 45, 53) [69]
(31, 35, 32) []
(3, 54, 2) []
(None, 71, 10) []
(43, 56, 44) []
(4, 52, 5) []
(45, 36, 44) []
(9, 43, 51) [36]
(1, 52, 2) []
(2, 'IN_ID', 3) []
(30, 59, 58) [156]
(3, 47, 49) [6]
(21, 46, 20) []
(31, 56, 32) []
(21, 60, 20) []
(10, 49, 11) []
(6, 45, 50) [21]
(13, 41, 14) []
(19, 64, 20) []
(22, 54, 23) []
(4, 64, 5) []
----------
65
3840
12.2133471966
