%%{
	machine pyretic;
	alphtype unsigned int;
	action _0 {}
	action _1 {}
	action _2 {}
	action _3 {}
	action _4 {}
	action _5 {}
	action _6 {}
	action _7 {}
	action _8 {}
	action _9 {}
	action _10 {}
	action _11 {}
	action _12 {}
	action _13 {}
	action _14 {}
	action _15 {}
	main := ((((((4)|(6)|(8)|(10)|(12)|(14)|(16)|(18)|(20)|(22)|(24)|(26)|(28)|(30)|(32)|(33)|(34)).(2))*).((4).((2).(((((4)|(6)|(8)|(10)|(12)|(14)|(16)|(18)|(20)|(22)|(24)|(26)|(28)|(30)|(32)|(33)|(34)).(2))*).((4).(2)))))) @_0)|((((((4)|(6)|(8)|(10)|(12)|(14)|(16)|(18)|(20)|(22)|(24)|(26)|(28)|(30)|(32)|(33)|(34)).(2))*).((6).((2).(((((4)|(6)|(8)|(10)|(12)|(14)|(16)|(18)|(20)|(22)|(24)|(26)|(28)|(30)|(32)|(33)|(34)).(2))*).((6).(2)))))) @_1)|((((((4)|(6)|(8)|(10)|(12)|(14)|(16)|(18)|(20)|(22)|(24)|(26)|(28)|(30)|(32)|(33)|(34)).(2))*).((8).((2).(((((4)|(6)|(8)|(10)|(12)|(14)|(16)|(18)|(20)|(22)|(24)|(26)|(28)|(30)|(32)|(33)|(34)).(2))*).((8).(2)))))) @_2)|((((((4)|(6)|(8)|(10)|(12)|(14)|(16)|(18)|(20)|(22)|(24)|(26)|(28)|(30)|(32)|(33)|(34)).(2))*).((10).((2).(((((4)|(6)|(8)|(10)|(12)|(14)|(16)|(18)|(20)|(22)|(24)|(26)|(28)|(30)|(32)|(33)|(34)).(2))*).((10).(2)))))) @_3)|((((((4)|(6)|(8)|(10)|(12)|(14)|(16)|(18)|(20)|(22)|(24)|(26)|(28)|(30)|(32)|(33)|(34)).(2))*).((12).((2).(((((4)|(6)|(8)|(10)|(12)|(14)|(16)|(18)|(20)|(22)|(24)|(26)|(28)|(30)|(32)|(33)|(34)).(2))*).((12).(2)))))) @_4)|((((((4)|(6)|(8)|(10)|(12)|(14)|(16)|(18)|(20)|(22)|(24)|(26)|(28)|(30)|(32)|(33)|(34)).(2))*).((14).((2).(((((4)|(6)|(8)|(10)|(12)|(14)|(16)|(18)|(20)|(22)|(24)|(26)|(28)|(30)|(32)|(33)|(34)).(2))*).((14).(2)))))) @_5)|((((((4)|(6)|(8)|(10)|(12)|(14)|(16)|(18)|(20)|(22)|(24)|(26)|(28)|(30)|(32)|(33)|(34)).(2))*).((16).((2).(((((4)|(6)|(8)|(10)|(12)|(14)|(16)|(18)|(20)|(22)|(24)|(26)|(28)|(30)|(32)|(33)|(34)).(2))*).((16).(2)))))) @_6)|((((((4)|(6)|(8)|(10)|(12)|(14)|(16)|(18)|(20)|(22)|(24)|(26)|(28)|(30)|(32)|(33)|(34)).(2))*).((18).((2).(((((4)|(6)|(8)|(10)|(12)|(14)|(16)|(18)|(20)|(22)|(24)|(26)|(28)|(30)|(32)|(33)|(34)).(2))*).((18).(2)))))) @_7)|((((((4)|(6)|(8)|(10)|(12)|(14)|(16)|(18)|(20)|(22)|(24)|(26)|(28)|(30)|(32)|(33)|(34)).(2))*).((20).((2).(((((4)|(6)|(8)|(10)|(12)|(14)|(16)|(18)|(20)|(22)|(24)|(26)|(28)|(30)|(32)|(33)|(34)).(2))*).((20).(2)))))) @_8)|((((((4)|(6)|(8)|(10)|(12)|(14)|(16)|(18)|(20)|(22)|(24)|(26)|(28)|(30)|(32)|(33)|(34)).(2))*).((22).((2).(((((4)|(6)|(8)|(10)|(12)|(14)|(16)|(18)|(20)|(22)|(24)|(26)|(28)|(30)|(32)|(33)|(34)).(2))*).((22).(2)))))) @_9)|((((((4)|(6)|(8)|(10)|(12)|(14)|(16)|(18)|(20)|(22)|(24)|(26)|(28)|(30)|(32)|(33)|(34)).(2))*).((24).((2).(((((4)|(6)|(8)|(10)|(12)|(14)|(16)|(18)|(20)|(22)|(24)|(26)|(28)|(30)|(32)|(33)|(34)).(2))*).((24).(2)))))) @_10)|((((((4)|(6)|(8)|(10)|(12)|(14)|(16)|(18)|(20)|(22)|(24)|(26)|(28)|(30)|(32)|(33)|(34)).(2))*).((26).((2).(((((4)|(6)|(8)|(10)|(12)|(14)|(16)|(18)|(20)|(22)|(24)|(26)|(28)|(30)|(32)|(33)|(34)).(2))*).((26).(2)))))) @_11)|((((((4)|(6)|(8)|(10)|(12)|(14)|(16)|(18)|(20)|(22)|(24)|(26)|(28)|(30)|(32)|(33)|(34)).(2))*).((28).((2).(((((4)|(6)|(8)|(10)|(12)|(14)|(16)|(18)|(20)|(22)|(24)|(26)|(28)|(30)|(32)|(33)|(34)).(2))*).((28).(2)))))) @_12)|((((((4)|(6)|(8)|(10)|(12)|(14)|(16)|(18)|(20)|(22)|(24)|(26)|(28)|(30)|(32)|(33)|(34)).(2))*).((30).((2).(((((4)|(6)|(8)|(10)|(12)|(14)|(16)|(18)|(20)|(22)|(24)|(26)|(28)|(30)|(32)|(33)|(34)).(2))*).((30).(2)))))) @_13)|((((((4)|(6)|(8)|(10)|(12)|(14)|(16)|(18)|(20)|(22)|(24)|(26)|(28)|(30)|(32)|(33)|(34)).(2))*).((32).((2).(((((4)|(6)|(8)|(10)|(12)|(14)|(16)|(18)|(20)|(22)|(24)|(26)|(28)|(30)|(32)|(33)|(34)).(2))*).((32).(2)))))) @_14)|((((((4)|(6)|(8)|(10)|(12)|(14)|(16)|(18)|(20)|(22)|(24)|(26)|(28)|(30)|(32)|(33)|(34)).(2))*).((34).((2).(((((4)|(6)|(8)|(10)|(12)|(14)|(16)|(18)|(20)|(22)|(24)|(26)|(28)|(30)|(32)|(33)|(34)).(2))*).((34).(2)))))) @_15);}%%
%% write data;